name,category,weight
Mountain Hardwear Super Power Jacket - Women's - 2014,Women's Running Jackets,311
Pro-Tec Athletics Patellar Tendon Strap,Support Braces,14
Zamst RK-1 Knee Sleeve - Right Knee,Support Braces,158
FuelBelt High Visibility Reflective Vest - 2014,Reflective Vests,141
Pro-Tec Athletics Gel Force Knee Sleeve,Support Braces,170
Pro-Tec Athletics Iliotibial Band Wrap,Support Braces,21
Nathan Bandolier Reflective Running Vest,Reflective Vests,53
Salomon Agile Jacket - Women's,Women's Running Jackets,141
Zamst A1-S Ankle Sleeve - Left Ankle,Support Braces,116
REI Trail Running Gaiters,Gaiters,127
Zamst A1-S Ankle Sleeve - Right Ankle,Support Braces,116
Pro-Tec Athletics Kinesiology Tape,Support Braces,28
Pro-Tec Athletics Arch Supports,Support Braces,14
Amphipod Vizlet Smiley Reflectors - Yellow - Package of 2,Reflective Bands,22
Zamst RK-1 Knee Sleeve - Left Knee,Support Braces,158
Zamst ZW-5 Back Support,Support Braces,286
Zamst AT-1 Achilles Brace,Support Braces,121
Zamst Wristband,Support Braces,70
Marmot Spectrum Jacket - Women's - 2015,Women's Running Jackets,368
Marmot Frequency Hybrid Jacket - Women's - 2014,Women's Running Jackets,320
Katie K Active Signature Jacket - Women's - 2014,Women's Running Jackets,362
Nathan LightFit Reflective Vest,Reflective Vests,99
FuelBelt Speedster Reflective Vest - 2014,Reflective Vests,141
Marmot Fusion Jacket - Women's - 2015,Women's Running Jackets,249
Amphipod Vizlet Smiley Reflectors - Pink - Package of 2,Reflective Bands,22
Salomon Fast Wing Jacket - Women's,Women's Running Jackets,70
SkirtSports Gemini Reversible Jacket - Women's - 2014,Women's Running Jackets,453
